     joint1    joint2     joint3     joint4     joint5     joint6
1    26.565051 72.647557 -58.992911 -13.654647 -153.434949 90.000000
2    26.335410 72.977229 -59.781382 -13.195847 -154.744590 90.000000
3    26.104854 73.299585 -60.557817 -12.741768 -156.055146 90.000000
4    25.873385 73.614826 -61.322641 -12.292185 -157.366615 90.000000
5    25.641006 73.923137 -62.076248 -11.846889 -158.678994 90.000000
6    25.407718 74.224691 -62.819008 -11.405683 -159.992282 90.000000
7    25.173525 74.519650 -63.551268 -10.968382 -161.306475 90.000000
8    24.938428 74.808163 -64.273354 -10.534809 -162.621572 90.000000
9    24.702430 75.090369 -64.985570 -10.104799 -163.937570 90.000000
10   24.465535 75.366400 -65.688204 -9.678196 -165.254465 90.000000
11   24.227745 75.636376 -66.381526 -9.254849 -166.572255 90.000000
12   23.989064 75.900411 -67.065791 -8.834620 -167.890936 90.000000
13   23.749494 76.158611 -67.741239 -8.417372 -169.210506 90.000000
14   23.509040 76.411075 -68.408097 -8.002979 -170.530960 90.000000
15   23.267705 76.657897 -69.066579 -7.591318 -171.852295 90.000000
16   23.025492 76.899163 -69.716889 -7.182274 -173.174508 90.000000
17   22.782406 77.134954 -70.359217 -6.775736 -174.497594 90.000000
18   22.538450 77.365346 -70.993747 -6.371598 -175.821550 90.000000
19   22.293629 77.590410 -71.620651 -5.969759 -177.146371 90.000000
20   22.047947 77.810213 -72.240092 -5.570121 -178.472053 90.000000
21   21.801409 78.024817 -72.852225 -5.172593 -179.798591 90.000000
22   21.554020 78.234281 -73.457197 175.222917 -178.874020 -90.000000
23   21.305784 78.438658 -74.055150 175.616493 -177.545784 -90.000000
24   21.056706 78.637999 -74.646216 176.008217 -176.216706 -90.000000
25   20.806791 78.832352 -75.230521 176.398168 -174.886791 -90.000000
26   20.556045 79.021762 -75.808185 176.786423 -173.556045 -90.000000
27   20.304474 79.206269 -76.379325 177.173056 -172.224474 -90.000000
28   20.052082 79.385913 -76.944048 177.558135 -170.892082 -90.000000
29   19.798876 79.560728 -77.502459 177.941730 -169.558876 -90.000000
30   19.544862 79.730749 -78.054656 178.323906 -168.224862 -90.000000
31   19.290046 79.896006 -78.600733 178.704727 -166.890046 -90.000000
32   19.034434 80.056528 -79.140781 179.084253 -165.554434 -90.000000
33   18.778033 80.212342 -79.674885 179.462543 -164.218033 -90.000000
34   18.520849 80.363471 -80.203126 179.839655 -162.880849 -90.000000
35   18.262890 80.509940 -80.725583 -179.784357 -161.542890 -90.000000
36   18.004162 80.651768 -81.242328 -179.409439 -160.204162 -90.000000
37   17.744672 80.788974 -81.753433 -179.035541 -158.864672 -90.000000
38   17.484427 80.921577 -82.258965 -178.662612 -157.524427 -90.000000
39   17.223436 81.049591 -82.758987 -178.290604 -156.183436 -90.000000
40   16.961706 81.173032 -83.253561 -177.919471 -154.841706 -90.000000
41   16.699244 81.291913 -83.742745 -177.549168 -153.499244 -90.000000
42   16.436059 81.406244 -84.226593 -177.179651 -152.156059 -90.000000
43   16.172159 81.516038 -84.705159 -176.810879 -150.812159 -90.000000
44   15.907552 81.621302 -85.178491 -176.442811 -149.467552 -90.000000
45   15.642246 81.722046 -85.646639 -176.075407 -148.122246 -90.000000
46   15.376251 81.818276 -86.109646 -175.708630 -146.776251 -90.000000
47   15.109575 81.909999 -86.567557 -175.342442 -145.429575 -90.000000
48   14.842227 81.997219 -87.020410 -174.976809 -144.082227 -90.000000
49   14.574216 82.079942 -87.468246 -174.611696 -142.734216 -90.000000
50   14.305552 82.158170 -87.911100 -174.247070 -141.385552 -90.000000
51   14.036243 82.231907 -88.349007 -173.882900 -140.036243 -90.000000
52   13.766301 82.301154 -88.782000 -173.519154 -138.686301 -90.000000
53   13.495733 82.365913 -89.210110 -173.155803 -137.335733 -90.000000
54   13.224551 82.426185 -89.633366 -172.792819 -135.984551 -90.000000
55   12.952765 82.481969 -90.051795 -172.430174 -134.632765 -90.000000
56   12.680383 82.533265 -90.465423 -172.067842 -133.280383 -90.000000
57   12.407419 82.580073 -90.874275 -171.705798 -131.927419 -90.000000
58   12.133880 82.622390 -91.278373 -171.344018 -130.573880 -90.000000
59   11.859779 82.660216 -91.677738 -170.982478 -129.219779 -90.000000
60   11.585126 82.693547 -92.072391 -170.621156 -127.865126 -90.000000
61   11.309932 82.722382 -92.462350 -170.260033 -126.509932 -90.000000
62   11.034209 82.746718 -92.847632 -169.899087 -125.154209 -90.000000
63   10.757967 82.766551 -93.228252 -169.538299 -123.797967 -90.000000
64   10.481218 82.781879 -93.604227 -169.177652 -122.441218 -90.000000
65   10.203974 82.792698 -93.975569 -168.817129 -121.083974 -90.000000
66   9.926246 82.799004 -94.342290 -168.456714 -119.726246 -90.000000
67   9.648045 82.800794 -94.704402 -168.096392 -118.368045 -90.000000
68   9.369385 82.798063 -95.061914 -167.736149 -117.009385 -90.000000
69   9.090277 82.790809 -95.414837 -167.375972 -115.650277 -90.000000
70   8.810733 82.779027 -95.763177 -167.015850 -114.290733 -90.000000
71   8.530766 82.762714 -96.106943 -166.655772 -112.930766 -90.000000
72   8.250387 82.741866 -96.446139 -166.295727 -111.570387 -90.000000
73   7.969610 82.716479 -96.780772 -165.935708 -110.209610 -90.000000
74   7.688448 82.686551 -97.110845 -165.575705 -108.848448 -90.000000
75   7.406912 82.652076 -97.436363 -165.215714 -107.486912 -90.000000
76   7.125016 82.613054 -97.757327 -164.855727 -106.125016 -90.000000
77   6.842773 82.569480 -98.073739 -164.495740 -104.762773 -90.000000
78   6.560196 82.521352 -98.385602 -164.135751 -103.400196 -90.000000
79   6.277298 82.468669 -98.692914 -163.775755 -102.037298 -90.000000
80   5.994093 82.411427 -98.995676 -163.415751 -100.674093 -90.000000
81   5.710593 82.349626 -99.293886 -163.055740 -99.310593 -90.000000
82   5.426812 82.283264 -99.587542 -162.695721 -97.946812 -90.000000
83   5.142765 82.212340 -99.876643 -162.335697 -96.582765 -90.000000
84   4.858463 82.136855 -100.161186 -161.975669 -95.218463 -90.000000
85   4.573921 82.056808 -100.441166 -161.615642 -93.853921 -90.000000
86   4.289153 81.972200 -100.716579 -161.255621 -92.489153 -90.000000
87   4.004173 81.883033 -100.987421 -160.895611 -91.124173 -90.000000
88   3.718994 81.789307 -101.253687 -160.535620 -89.758994 -90.000000
89   3.433630 81.691026 -101.515370 -160.175656 -88.393630 -90.000000
90   3.148096 81.588192 -101.772466 -159.815727 -87.028096 -90.000000
91   2.862405 81.480810 -102.024966 -159.455844 -85.662405 -90.000000
92   2.576572 81.368883 -102.272864 -159.096019 -84.296572 -90.000000
93   2.290610 81.252417 -102.516153 -158.736264 -82.930610 -90.000000
94   2.004534 81.131416 -102.754824 -158.376592 -81.564534 -90.000000
95   1.718358 81.005889 -102.988870 -158.017019 -80.198358 -90.000000
96   1.432096 80.875841 -103.218282 -157.657560 -78.832096 -90.000000
97   1.145763 80.741282 -103.443050 -157.298232 -77.465763 -90.000000
98   0.859372 80.602219 -103.663167 -156.939052 -76.099372 -90.000000
99   0.572939 80.458664 -103.878623 -156.580041 -74.732939 -90.000000
100  0.286477 80.310625 -104.089407 -156.221218 -73.366477 -90.000000
101  0.000000 80.158115 -104.295510 -155.862604 -72.000000 -90.000000
102  -0.286477 80.001145 -104.496922 -155.504223 -70.633523 -90.000000
103  -0.572939 79.839730 -104.693633 -155.146097 -69.267061 -90.000000
104  -0.859372 79.673883 -104.885633 -154.788250 -67.900628 -90.000000
105  -1.145763 79.503619 -105.072909 -154.430709 -66.534237 -90.000000
106  -1.432096 79.328954 -105.255453 -154.073501 -65.167904 -90.000000
107  -1.718358 79.149906 -105.433254 -153.716652 -63.801642 -90.000000
108  -2.004534 78.966491 -105.606299 -153.360192 -62.435466 -90.000000
109  -2.290610 78.778730 -105.774579 -153.004151 -61.069390 90.000000
110  -2.576572 78.586642 -105.938082 -152.648559 -59.703428 90.000000
111  -2.862405 78.390247 -106.096798 -152.293449 -58.337595 90.000000
112  -3.148096 78.189568 -106.250715 -151.938853 -56.971904 90.000000
113  -3.433630 77.984628 -106.399823 -151.584805 -55.606370 90.000000
114  -3.718994 77.775450 -106.544111 -151.231339 -54.241006 90.000000
115  -4.004173 77.562059 -106.683567 -150.878493 -52.875827 90.000000
116  -4.289153 77.344482 -106.818181 -150.526302 -51.510847 90.000000
117  -4.573921 77.122745 -106.947941 -150.174804 -50.146079 90.000000
118  -4.858463 76.896876 -107.072839 -149.824037 -48.781537 90.000000
119  -5.142765 76.666904 -107.192862 -149.474042 -47.417235 90.000000
120  -5.426812 76.432859 -107.308002 -149.124857 -46.053188 90.000000
121  -5.710593 76.194772 -107.418246 -148.776526 -44.689407 90.000000
122  -5.994093 75.952674 -107.523586 -148.429088 -43.325907 90.000000
123  -6.277298 75.706599 -107.624012 -148.082587 -41.962702 90.000000
124  -6.560196 75.456581 -107.719514 -147.737067 -40.599804 90.000000
125  -6.842773 75.202653 -107.810082 -147.392571 -39.237227 90.000000
126  -7.125016 74.944852 -107.895708 -147.049144 -37.874984 90.000000
127  -7.406912 74.683214 -107.976382 -146.706832 -36.513088 90.000000
128  -7.688448 74.417778 -108.052096 -146.365681 -35.151552 90.000000
129  -7.969610 74.148580 -108.122842 -146.025738 -33.790390 90.000000
130  -8.250387 73.875661 -108.188611 -145.687050 -32.429613 90.000000
131  -8.530766 73.599060 -108.249396 -145.349664 -31.069234 90.000000
132  -8.810733 73.318818 -108.305188 -145.013630 -29.709267 90.000000
133  -9.090277 73.034977 -108.355982 -144.678995 -28.349723 90.000000
134  -9.369385 72.747579 -108.401770 -144.345809 -26.990615 90.000000
135  -9.648045 72.456668 -108.442545 -144.014123 -25.631955 90.000000
136  -9.926246 72.162286 -108.478302 -143.683985 -24.273754 90.000000
137  -10.203974 71.864479 -108.509034 -143.355445 -22.916026 90.000000
138  -10.481218 71.563292 -108.534736 -143.028556 -21.558782 90.000000
139  -10.757967 71.258771 -108.555404 -142.703367 -20.202033 90.000000
140  -11.034209 70.950961 -108.571032 -142.379929 -18.845791 90.000000
141  -11.309932 70.639910 -108.581616 -142.058294 -17.490068 90.000000
142  -11.585126 70.325664 -108.587152 -141.738512 -16.134874 90.000000
143  -11.859779 70.008273 -108.587637 -141.420636 -14.780221 90.000000
144  -12.133880 69.687784 -108.583067 -141.104717 -13.426120 90.000000
145  -12.407419 69.364246 -108.573440 -140.790806 -12.072581 90.000000
146  -12.680383 69.037707 -108.558752 -140.478954 -10.719617 90.000000
147  -12.952765 68.708218 -108.539004 -140.169214 -9.367235 90.000000
148  -13.224551 68.375827 -108.514191 -139.861636 -8.015449 90.000000
149  -13.495733 68.040585 -108.484315 -139.556271 -6.664267 90.000000
150  -13.766301 67.702542 -108.449372 -139.253170 -5.313699 90.000000
151  -14.036243 67.361748 -108.409364 -138.952384 -3.963757 90.000000
152  -14.305537 67.018265 -108.364299 131.387091 -89.100950 -165.696753
153  -14.574101 66.672201 -108.314219 131.681806 -88.200547 -165.433947
154  -14.841842 66.323677 -108.259182 131.931702 -87.300364 -165.173737
155  -15.108667 65.972815 -108.199247 132.136758 -86.401971 -164.914492
156  -15.374488 65.619736 -108.134479 132.296990 -85.506929 -164.654564
157  -15.639217 65.264566 -108.064948 132.412453 -84.616791 -164.392300
158  -15.902768 64.907427 -107.990725 132.483242 -83.733097 -164.126052
159  -16.165058 64.548444 -107.911888 132.509493 -82.857378 -163.854191
160  -16.426006 64.187743 -107.828518 132.491386 -81.991144 -163.575117
161  -16.685533 63.825447 -107.740700 132.429147 -81.135893 -163.287271
162  -16.943562 63.461682 -107.648521 132.323047 -80.293101 -162.989148
163  -17.200017 63.096572 -107.552074 132.173414 -79.464220 -162.679307
164  -17.454825 62.730242 -107.451454 131.980627 -78.650681 -162.356383
165  -17.707916 62.362815 -107.346760 131.745125 -77.853884 -162.019099
166  -17.959221 61.994414 -107.238093 131.467410 -77.075201 -161.666272
167  -18.208672 61.625163 -107.125560 131.148049 -76.315967 -161.296826
168  -18.456205 61.255183 -107.009268 130.787680 -75.577484 -160.909800
169  -18.701757 60.884594 -106.889328 130.387014 -74.861008 -160.504357
170  -18.945267 60.513517 -106.765855 129.946840 -74.167753 -160.079787
171  -19.186676 60.142070 -106.638963 129.468024 -73.498884 -159.635519
172  -19.425927 59.770370 -106.508774 128.951518 -72.855512 -159.171120
173  -19.662964 59.398533 -106.375407 128.398354 -72.238692 -158.686302
174  -19.897735 59.026674 -106.238987 127.809651 -71.649415 -158.180924
175  -20.130187 58.654906 -106.099639 127.186616 -71.088607 -157.654992
176  -20.360272 58.283341 -105.957492 126.530535 -70.557125 -157.108656
177  -20.587941 57.912089 -105.812675 125.842781 -70.055750 -156.542214
178  -20.813147 57.541259 -105.665320 125.124807 -69.585185 -155.956102
179  -21.035848 57.170956 -105.515559 124.378140 -69.146049 -155.350893
180  -21.255999 56.801286 -105.363528 123.604380 -68.738877 -154.727289
181  -21.473559 56.432352 -105.209363 122.805192 -68.364115 -154.086111
182  -21.688490 56.064256 -105.053201 121.982299 -68.022116 -153.428295
183  -21.900752 55.697096 -104.895181 121.137472 -67.713141 -152.754873
184  -22.110311 55.330971 -104.735443 120.272525 -67.437353 -152.066971
185  -22.317129 54.965976 -104.574127 119.389300 -67.194823 -151.365789
186  -22.521175 54.602206 -104.411375 118.489660 -66.985521 -150.652590
187  -22.722416 54.239751 -104.247329 117.575479 -66.809325 -149.928688
188  -22.920821 53.878702 -104.082131 116.648627 -66.666015 -149.195431
189  -23.116361 53.519148 -103.915926 115.710959 -66.555279 -148.454187
190  -23.309007 53.161173 -103.748857 114.764307 -66.476715 -147.706334
191  -23.498734 52.804862 -103.581067 113.810468 -66.429831 -146.953241
192  -23.685514 52.450297 -103.412701 112.851193 -66.414055 -146.196256
193  -23.869324 52.097559 -103.243903 111.888175 -66.428732 -145.436698
194  -24.050141 51.746725 -103.074818 110.923046 -66.473133 -144.675838
195  -24.227942 51.397873 -102.905588 109.957363 -66.546460 -143.914895
196  -24.402706 51.051075 -102.736358 108.992606 -66.647849 -143.155024
197  -24.574413 50.706405 -102.567271 108.030170 -66.776379 -142.397308
198  -24.743043 50.363934 -102.398471 107.071360 -66.931075 -141.642751
199  -24.908579 50.023729 -102.230098 106.117389 -67.110917 -140.892271
200  -25.071003 49.685858 -102.062296 105.169376 -67.314842 -140.146701
201  -25.230298 49.350385 -101.895205 104.228343 -67.541753 -139.406778
202  -25.386450 49.017373 -101.728966 103.295217 -67.790526 -138.673146
203  -25.539442 48.686884 -101.563716 102.370830 -68.060011 -137.946356
204  -25.689262 48.358977 -101.399596 101.455922 -68.349041 -137.226862
205  -25.835894 48.033709 -101.236741 100.551140 -68.656437 -136.515024
206  -25.979328 47.711135 -101.075288 99.657045 -68.981013 -135.811109
207  -26.119551 47.391310 -100.915371 98.774116 -69.321577 -135.115294
208  -26.256550 47.074286 -100.757124 97.902750 -69.676940 -134.427668
209  -26.390317 46.760112 -100.600678 97.043272 -70.045920 -133.748237
210  -26.520839 46.448838 -100.446164 96.195934 -70.427339 -133.076925
211  -26.648107 46.140510 -100.293710 95.360927 -70.820033 -132.413578
212  -26.772113 45.835172 -100.143443 94.538378 -71.222855 -131.757971
213  -26.892847 45.532868 -99.995489 93.728363 -71.634672 -131.109809
214  -27.010300 45.233640 -99.849970 92.930906 -72.054370 -130.468733
215  -27.124464 44.937527 -99.707008 92.145987 -72.480858 -129.834322
216  -27.235333 44.644568 -99.566723 91.373547 -72.913069 -129.206101
217  -27.342898 44.354797 -99.429231 90.613490 -73.349957 -128.583542
218  -27.447152 44.068251 -99.294648 89.865690 -73.790504 -127.966069
219  -27.548089 43.784962 -99.163086 89.129994 -74.233718 -127.353061
220  -27.645702 43.504960 -99.034656 88.406228 -74.678632 -126.743858
221  -27.739986 43.228276 -98.909467 87.694196 -75.124310 -126.137764
222  -27.830932 42.954938 -98.787623 86.993688 -75.569841 -125.534050
223  -27.918537 42.684970 -98.669228 86.304482 -76.014344 -124.931958
224  -28.002794 42.418398 -98.554383 85.626345 -76.456966 -124.330705
225  -28.083698 42.155245 -98.443185 84.959038 -76.896882 -123.729487
226  -28.161242 41.895530 -98.335730 84.302318 -77.333296 -123.127482
227  -28.235423 41.639274 -98.232110 83.655939 -77.765439 -122.523856
228  -28.306234 41.386495 -98.132414 83.019654 -78.192571 -121.917762
229  -28.373670 41.137207 -98.036730 82.393220 -78.613979 -121.308349
230  -28.437727 40.891425 -97.945141 81.776395 -79.028977 -120.694764
231  -28.498398 40.649163 -97.857727 81.168942 -79.436907 -120.076155
232  -28.555679 40.410429 -97.774567 80.570628 -79.837137 -119.451678
233  -28.609565 40.175235 -97.695734 79.981231 -80.229060 -118.820500
234  -28.660050 39.943586 -97.621301 79.400532 -80.612097 -118.181804
235  -28.707129 39.715489 -97.551335 78.828323 -80.985692 -117.534796
236  -28.750798 39.490947 -97.485901 78.264403 -81.349315 -116.878707
237  -28.791049 39.269964 -97.425061 77.708582 -81.702460 -116.212803
238  -28.827879 39.052538 -97.368873 77.160679 -82.044644 -115.536385
239  -28.861282 38.838671 -97.317391 76.620524 -82.375409 -114.848803
240  -28.891252 38.628357 -97.270667 76.087954 -82.694319 -114.149453
241  -28.917782 38.421594 -97.228749 75.562820 -83.000960 -113.437794
242  -28.940869 38.218375 -97.191682 75.044980 -83.294940 -112.713344
243  -28.960504 38.018691 -97.159506 74.534305 -83.575892 -111.975696
244  -28.976683 37.822533 -97.132259 74.030673 -83.843464 -111.224516
245  -28.989399 37.629890 -97.109974 73.533972 -84.097331 -110.459558
246  -28.998645 37.440749 -97.092683 73.044101 -84.337184 -109.680663
247  -29.004415 37.255095 -97.080410 72.560966 -84.562735 -108.887768
248  -29.006702 37.072912 -97.073181 72.084482 -84.773717 -108.080911
249  -29.005500 36.894181 -97.071013 71.614572 -84.969881 -107.260234
250  -29.000800 36.718883 -97.073923 71.151167 -85.150996 -106.425990
251  -28.992596 36.546996 -97.081923 70.694202 -85.316852 -105.578540
252  -28.980880 36.378498 -97.095021 70.243622 -85.467253 -104.718361
253  -28.965644 36.213363 -97.113222 69.799375 -85.602023 -103.846041
254  -28.946880 36.051566 -97.136528 69.361415 -85.721004 -102.962280
255  -28.924581 35.893079 -97.164936 68.929700 -85.824054 -102.067888
256  -28.898738 35.737872 -97.198440 68.504191 -85.911046 -101.163780
257  -28.869343 35.585914 -97.237030 68.084853 -85.981871 -100.250968
258  -28.836386 35.437173 -97.280693 67.671652 -86.036434 -99.330558
259  -28.799860 35.291614 -97.329412 67.264555 -86.074659 -98.403738
260  -28.759754 35.149202 -97.383167 66.863532 -86.096480 -97.471768
261  -28.716060 35.009900 -97.441934 66.468551 -86.101849 -96.535968
262  -28.668768 34.873669 -97.505686 66.079579 -86.090731 -95.597709
263  -28.617868 34.740470 -97.574391 65.696582 -86.063105 -94.658395
264  -28.563352 34.610260 -97.648015 65.319525 -86.018964 -93.719449
265  -28.505208 34.482998 -97.726521 64.948368 -85.958314 -92.782303
266  -28.443427 34.358638 -97.809867 64.583069 -85.881174 -91.848378
267  -28.377999 34.237136 -97.898008 64.223581 -85.787574 -90.919074
268  -28.308913 34.118445 -97.990898 63.869852 -85.677559 -89.995753
269  -28.236158 34.002517 -98.088485 63.521825 -85.551183 -89.079728
270  -28.159724 33.889302 -98.190714 63.179438 -85.408512 -88.172250
271  -28.079601 33.778750 -98.297528 62.842619 -85.249625 -87.274498
272  -27.995777 33.670811 -98.408868 62.511292 -85.074610 -86.387569
273  -27.908241 33.565430 -98.524668 62.185371 -84.883565 -85.512467
274  -27.816983 33.462554 -98.644863 61.864764 -84.676600 -84.650104
275  -27.721991 33.362130 -98.769383 61.549368 -84.453833 -83.801286
276  -27.623255 33.264100 -98.898156 61.239073 -84.215394 -82.966718
277  -27.520763 33.168408 -99.031105 60.933758 -83.961420 -82.146994
278  -27.414505 33.074998 -99.168155 60.633291 -83.692057 -81.342603
279  -27.304468 32.983809 -99.309223 60.337532 -83.407462 -80.553926
280  -27.190643 32.894784 -99.454226 60.046329 -83.107799 -79.781240
281  -27.073019 32.807862 -99.603078 59.759518 -82.793241 -79.024720
282  -26.951583 32.722982 -99.755691 59.476927 -82.463967 -78.284440
283  -26.826327 32.640084 -99.911974 59.198368 -82.120168 -77.560383
284  -26.697239 32.559104 -100.071834 58.923644 -81.762040 -76.852442
285  -26.564310 32.479982 -100.235174 58.652544 -81.389786 -76.160427
286  -26.427528 32.402653 -100.401898 58.384848 -81.003620 -75.484070
287  -26.286884 32.327054 -100.571904 58.120318 -80.603761 -74.823030
288  -26.142368 32.253122 -100.745092 57.858709 -80.190435 -74.176901
289  -25.993971 32.180791 -100.921356 57.599758 -79.763876 -73.545217
290  -25.841684 32.109999 -101.100591 57.343191 -79.324328 -72.927457
291  -25.685499 32.040679 -101.282689 57.088722 -78.872037 -72.323052
292  -25.525406 31.972767 -101.467540 56.836049 -78.407261 -71.731387
293  -25.361399 31.906197 -101.655032 56.584856 -77.930262 -71.151811
294  -25.193470 31.840906 -101.845053 56.334817 -77.441313 -70.583636
295  -25.021612 31.776826 -102.037487 56.085587 -76.940692 -70.026148
296  -24.845819 31.713894 -102.232219 55.836809 -76.428686 -69.478604
297  -24.666086 31.652043 -102.429131 55.588113 -75.905587 -68.940241
298  -24.482407 31.591210 -102.628104 55.339112 -75.371700 -68.410275
299  -24.294779 31.531329 -102.829017 55.089405 -74.827333 -67.887907
300  -24.103197 31.472336 -103.031750 54.838576 -74.272806 -67.372326
301  -23.907660 31.414166 -103.236179 54.586194 -73.708446 -66.862708
302  -23.708166 31.356757 -103.442182 54.331815 -73.134591 -66.358220
303  -23.504714 31.300043 -103.649633 54.074975 -72.551584 -65.858023
304  -23.297304 31.243963 -103.858408 53.815198 -71.959782 -65.361271
305  -23.085937 31.188453 -104.068380 53.551990 -71.359550 -64.867111
306  -22.870616 31.133453 -104.279423 53.284844 -70.751265 -64.374691
307  -22.651344 31.078900 -104.491408 53.013234 -70.135311 -63.883151
308  -22.428126 31.024735 -104.704209 52.736620 -69.512087 -63.391631
309  -22.200967 30.970897 -104.917697 52.454444 -68.882003 -62.899269
310  -21.969875 30.917327 -105.131742 52.166132 -68.245480 -62.405200
311  -21.734859 30.863967 -105.346216 51.871096 -67.602952 -61.908559
312  -21.495929 30.810760 -105.560990 51.568729 -66.954867 -61.408478
313  -21.253096 30.757649 -105.775934 51.258408 -66.301688 -60.904090
314  -21.006373 30.704579 -105.990919 50.939495 -65.643889 -60.394524
315  -20.755777 30.651495 -106.205815 50.611336 -64.981963 -59.878911
316  -20.501322 30.598343 -106.420494 50.273261 -64.316416 -59.356378
317  -20.243029 30.545073 -106.634825 49.924585 -63.647771 -58.826055
318  -19.980917 30.491631 -106.848682 49.564607 -62.976569 -58.287067
319  -19.715008 30.437969 -107.061934 49.192615 -62.303369 -57.738542
320  -19.445328 30.384037 -107.274455 48.807881 -61.628746 -57.179608
321  -19.171902 30.329787 -107.486118 48.409667 -60.953296 -56.609390
322  -18.894758 30.275174 -107.696795 47.997222 -60.277634 -56.027020
323  -18.613929 30.220151 -107.906362 47.569787 -59.602397 -55.431630
324  -18.329446 30.164676 -108.114693 47.126597 -58.928241 -54.822354
325  -18.041346 30.108706 -108.321664 46.666879 -58.255844 -54.198334
326  -17.749667 30.052198 -108.527152 46.189858 -57.585906 -53.558719
327  -17.454448 29.995115 -108.731036 45.694759 -56.919152 -52.902667
328  -17.155733 29.937416 -108.933195 45.180810 -56.256326 -52.229348
329  -16.853567 29.879064 -109.133510 44.647245 -55.598198 -51.537949
330  -16.548000 29.820025 -109.331862 44.093311 -54.945561 -50.827674
331  -16.239081 29.760263 -109.528136 43.518267 -54.299231 -50.097753
332  -15.926866 29.699745 -109.722217 42.921398 -53.660047 -49.347440
333  -15.611410 29.638439 -109.913991 42.302011 -53.028873 -48.576028
334  -15.292773 29.576315 -110.103347 41.659450 -52.406594 -47.782843
335  -14.971019 29.513344 -110.290176 40.993096 -51.794116 -46.967262
336  -14.646213 29.449498 -110.474370 40.302382 -51.192368 -46.128713
337  -14.318424 29.384750 -110.655823 39.586795 -50.602297 -45.266685
338  -13.987724 29.319074 -110.834432 38.845889 -50.024868 -44.380736
339  -13.654187 29.252446 -111.010096 38.079291 -49.461064 -43.470505
340  -13.317894 29.184844 -111.182716 37.286716 -48.911877 -42.535715
341  -12.978923 29.116246 -111.352195 36.467973 -48.378314 -41.576190
342  -12.637362 29.046629 -111.518439 35.622978 -47.861386 -40.591862
343  -12.293297 28.975975 -111.681357 34.751761 -47.362109 -39.582779
344  -11.946821 28.904265 -111.840860 33.854484 -46.881498 -38.549119
345  -11.598027 28.831480 -111.996862 32.931444 -46.420562 -37.491198
346  -11.247014 28.757603 -112.149278 31.983087 -45.980300 -36.409480
347  -10.893884 28.682619 -112.298030 31.010015 -45.561694 -35.304585
348  -10.538739 28.606510 -112.443038 30.012994 -45.165704 -34.177294
349  -10.181690 28.529263 -112.584229 28.992961 -44.793261 -33.028561
350  -9.822846 28.450862 -112.721530 27.951029 -44.445259 -31.859511
351  -9.462322 28.371294 -112.854874 26.888488 -44.122551 -30.671443
352  -9.100219 28.290554 -112.984206 25.806764 -43.825897 -29.465798
353  -8.736573 28.208667 -113.109515 24.707284 -43.555836 -28.244026
354  -8.371403 28.125671 -113.230801 23.591558 -43.312822 -27.007671
355  -8.004729 28.041599 -113.348064 22.461217 -43.097263 -25.758387
356  -7.636572 27.956487 -113.461304 21.318000 -42.909512 -24.497938
357  -7.266954 27.870372 -113.570522 20.163743 -42.749870 -23.228183
358  -6.895898 27.783287 -113.675719 19.000370 -42.618579 -21.951063
359  -6.523425 27.695268 -113.776895 17.829876 -42.515821 -20.668590
360  -6.149560 27.606350 -113.874051 16.654313 -42.441713 -19.382832
361  -5.774326 27.516568 -113.967188 15.475776 -42.396307 -18.095891
362  -5.397749 27.425957 -114.056307 14.296381 -42.379590 -16.809892
363  -5.019854 27.334551 -114.141410 13.118251 -42.391480 -15.526962
364  -4.640667 27.242385 -114.222498 11.943497 -42.431830 -14.249214
365  -4.260214 27.149493 -114.299573 10.774201 -42.500428 -12.978727
366  -3.878525 27.055909 -114.372637 9.612398 -42.596997 -11.717530
367  -3.495625 26.961666 -114.441691 8.460062 -42.721196 -10.467588
368  -3.111544 26.866798 -114.506738 7.319089 -42.872629 -9.230784
369  -2.726311 26.771337 -114.567780 6.191287 -43.050840 -8.008908
370  -2.339956 26.675315 -114.624820 5.078360 -43.255324 -6.803644
371  -1.952509 26.578766 -114.677860 3.981905 -43.485524 -5.616563
372  -1.564001 26.481720 -114.726902 2.903397 -43.740841 -4.449112
373  -1.174464 26.384208 -114.771950 1.844190 -44.020637 -3.302610
374  -0.783930 26.286261 -114.813008 0.805509 -44.324236 -2.178244
375  -0.392431 26.187910 -114.850077 -0.211550 -44.650934 -1.077068
376  0.000000 26.089183 -114.883162 -1.206021 -45.000000 -0.000000
377  0.393329 25.990109 -114.912265 -2.177065 -45.370680 1.052173
378  0.787521 25.890717 -114.937392 -3.123969 -45.762205 2.078796
379  1.182543 25.791035 -114.958545 -4.046140 -46.173791 3.079338
380  1.578359 25.691089 -114.975728 -4.943102 -46.604644 4.053390
381  1.974934 25.590906 -114.988945 -5.814487 -47.053967 5.000658
382  2.372232 25.490511 -114.998201 -6.660033 -47.520957 5.920957
383  2.770216 25.389929 -115.003500 -7.479571 -48.004814 6.814203
384  3.168850 25.289184 -115.004846 -8.273024 -48.504739 7.680408
385  3.568096 25.188300 -115.002244 -9.040394 -49.019940 8.519670
386  3.967918 25.087299 -114.995699 -9.781758 -49.549632 9.332165
387  4.368277 24.986202 -114.985214 -10.497260 -50.093041 10.118145
388  4.769136 24.885032 -114.970796 -11.187101 -50.649400 10.877925
389  5.170456 24.783806 -114.952449 -11.851537 -51.217959 11.611878
390  5.572198 24.682545 -114.930178 -12.490868 -51.797979 12.320430
391  5.974323 24.581268 -114.903987 -13.105436 -52.388736 13.004053
392  6.376793 24.479990 -114.873884 -13.695613 -52.989519 13.663257
393  6.779568 24.378729 -114.839871 -14.261803 -53.599635 14.298587
394  7.182608 24.277501 -114.801956 -14.804431 -54.218406 14.910619
395  7.585875 24.176319 -114.760143 -15.323941 -54.845168 15.499953
396  7.989327 24.075198 -114.714438 -15.820793 -55.479276 16.067208
397  8.392925 23.974150 -114.664845 -16.295456 -56.120099 16.613022
398  8.796630 23.873186 -114.611372 -16.748408 -56.767023 17.138046
399  9.200400 23.772319 -114.554023 -17.180131 -57.419448 17.642939
400  9.604197 23.671557 -114.492804 -17.591109 -58.076790 18.128372
401  10.007980 23.570909 -114.427720 -17.981824 -58.738480 18.595016
402  10.411708 23.470384 -114.358778 -18.352758 -59.403965 19.043550
403  10.815342 23.369987 -114.285982 -18.704388 -60.072704 19.474650
404  11.218842 23.269726 -114.209339 -19.037185 -60.744171 19.888993
405  11.622168 23.169604 -114.128855 -19.351614 -61.417854 20.287254
406  12.025280 23.069627 -114.044534 -19.648129 -62.093252 20.670104
407  12.428138 22.969796 -113.956382 -19.927181 -62.769877 21.038210
408  12.830702 22.870114 -113.864406 -20.189205 -63.447255 21.392234
409  13.232934 22.770583 -113.768611 -20.434632 -64.124921 21.732830
410  13.634794 22.671201 -113.669002 -20.663880 -64.802422 22.060647
411  14.036243 22.571969 -113.565584 -20.877356 -65.479316 22.376323
412  14.437243 22.472885 -113.458365 -21.075457 -66.155170 22.680492
413  14.837755 22.373946 -113.347348 -21.258570 -66.829562 22.973776
414  15.237741 22.275148 -113.232540 -21.427072 -67.502079 23.256789
415  15.637162 22.176487 -113.113945 -21.581327 -68.172317 23.530135
416  16.035982 22.077958 -112.991570 -21.721693 -68.839879 23.794409
417  16.434163 21.979554 -112.865418 -21.848514 -69.504380 24.050195
418  16.831669 21.881268 -112.735496 -21.962126 -70.165438 24.298065
419  17.228462 21.783092 -112.601809 -22.062857 -70.822684 24.538584
420  17.624508 21.685018 -112.464361 -22.151025 -71.475752 24.772302
421  18.019769 21.587036 -112.323157 -22.226939 -72.124285 24.999760
422  18.414212 21.489135 -112.178202 -22.290901 -72.767933 25.221487
423  18.807801 21.391305 -112.029502 -22.343206 -73.406352 25.437999
424  19.200502 21.293533 -111.877060 -22.384141 -74.039204 25.649801
425  19.592282 21.195806 -111.720880 -22.413987 -74.666159 25.857386
426  19.983107 21.098112 -111.560968 -22.433020 -75.286892 26.061234
427  20.372943 21.000436 -111.397328 -22.441509 -75.901083 26.261811
428  20.761761 20.902763 -111.229962 -22.439719 -76.508421 26.459572
429  21.149526 20.805077 -111.058877 -22.427911 -77.108596 26.654957
430  21.536209 20.707363 -110.884075 -22.406343 -77.701309 26.848393
431  21.921779 20.609604 -110.705559 -22.375267 -78.286262 27.040293
432  22.306205 20.511782 -110.523335 -22.334936 -78.863167 27.231056
433  22.689459 20.413879 -110.337403 -22.285599 -79.431737 27.421066
434  23.071512 20.315876 -110.147769 -22.227502 -79.991695 27.610693
435  23.452335 20.217756 -109.954435 -22.160893 -80.542766 27.800291
436  23.831901 20.119497 -109.757404 -22.086018 -81.084684 27.990199
437  24.210182 20.021079 -109.556677 -22.003121 -81.617186 28.180742
438  24.587154 19.922483 -109.352259 -21.912451 -82.140017 28.372226
439  24.962790 19.823686 -109.144151 -21.814253 -82.652926 28.564946
440  25.337065 19.724668 -108.932354 -21.708776 -83.155669 28.759175
441  25.709954 19.625405 -108.716872 -21.596270 -83.648009 28.955173
442  26.081434 19.525877 -108.497704 -21.476988 -84.129714 29.153184
443  26.451482 19.426059 -108.274854 -21.351184 -84.600559 29.353432
444  26.820075 19.325928 -108.048321 -21.219116 -85.060325 29.556128
445  27.187192 19.225461 -107.818107 -21.081045 -85.508801 29.761464
446  27.552812 19.124634 -107.584212 -20.937234 -85.945781 29.969614
447  27.916913 19.023423 -107.346636 -20.787952 -86.371068 30.180737
448  28.279477 18.921803 -107.105380 -20.633471 -86.784472 30.394973
449  28.640484 18.819749 -106.860444 -20.474066 -87.185809 30.612448
450  28.999915 18.717236 -106.611827 -20.310019 -87.574905 30.833266
451  29.357754 18.614239 -106.359527 -20.141613 -87.951591 31.057519
452  29.713982 18.510732 -106.103545 -19.969139 -88.315709 31.285280
453  30.068583 18.406688 -105.843879 -19.792890 -88.667108 31.516604
454  30.421541 18.302083 -105.580526 -19.613166 -89.005645 31.751533
455  30.772842 18.196889 -105.313485 -19.430270 -89.331187 31.990091
456  31.122470 18.091080 -105.042754 -19.244510 -89.643608 32.232285
457  31.470412 17.984629 -104.768329 -19.056199 -89.942793 32.478109
458  31.816654 17.877510 -104.490208 -18.865654 -90.228635 32.727539
459  32.161184 17.769695 -104.208387 -18.673197 -90.501037 32.980540
460  32.503989 17.661158 -103.922862 -18.479154 -90.759912 33.237060
461  32.845058 17.551870 -103.633630 -18.283855 -91.005181 33.497033
462  33.184381 17.441805 -103.340684 -18.087632 -91.236778 33.760382
463  33.521947 17.330935 -103.044020 -17.890823 -91.454643 34.027016
464  33.857746 17.219232 -102.743633 -17.693768 -91.658729 34.296832
465  34.191769 17.106669 -102.439517 -17.496810 -91.848999 34.569715
466  34.524008 16.993217 -102.131664 -17.300295 -92.025426 34.845541
467  34.854456 16.878848 -101.820069 -17.104569 -92.187991 35.124174
468  35.183103 16.763536 -101.504723 -16.909982 -92.336690 35.405469
469  35.509945 16.647250 -101.185619 -16.716885 -92.471525 35.689274
470  35.834974 16.529963 -100.862749 -16.525629 -92.592511 35.975427
471  36.158185 16.411647 -100.536102 -16.336566 -92.699672 36.263760
472  36.479573 16.292274 -100.205670 -16.150047 -92.793045 36.554098
473  36.799133 16.171813 -99.871443 -15.966424 -92.872673 36.846261
474  37.116861 16.050238 -99.533409 -15.786049 -92.938613 37.140062
475  37.432753 15.927519 -99.191558 -15.609268 -92.990930 37.435314
476  37.746805 15.803628 -98.845878 -15.436431 -93.029701 37.731822
477  38.059017 15.678536 -98.496355 -15.267882 -93.055010 38.029391
478  38.369384 15.552213 -98.142976 -15.103964 -93.066953 38.327824
479  38.677905 15.424630 -97.785728 -14.945015 -93.065636 38.626922
480  38.984580 15.295759 -97.424596 -14.791371 -93.051172 38.926487
481  39.289407 15.165570 -97.059564 -14.643364 -93.023685 39.226318
482  39.592385 15.034034 -96.690616 -14.501321 -92.983307 39.526220
483  39.893515 14.901120 -96.317735 -14.365566 -92.930181 39.825994
484  40.192798 14.766800 -95.940903 -14.236415 -92.864454 40.125447
485  40.490233 14.631044 -95.560102 -14.114182 -92.786287 40.424388
486  40.785821 14.493821 -95.175312 -13.999172 -92.695844 40.722629
487  41.079566 14.355102 -94.786512 -13.891687 -92.593298 41.019985
488  41.371468 14.214855 -94.393681 -13.792022 -92.478832 41.316278
489  41.661529 14.073051 -93.996797 -13.700465 -92.352633 41.611331
490  41.949753 13.929658 -93.595836 -13.617297 -92.214896 41.904976
491  42.236143 13.784647 -93.190774 -13.542795 -92.065823 42.197049
492  42.520700 13.637984 -92.781585 -13.477227 -91.905621 42.487391
493  42.803430 13.489639 -92.368243 -13.420855 -91.734505 42.775853
494  43.084337 13.339581 -91.950720 -13.373933 -91.552692 43.062288
495  43.363423 13.187776 -91.528987 -13.336709 -91.360409 43.346561
496  43.640694 13.034193 -91.103014 -13.309424 -91.157885 43.628539
497  43.916155 12.878798 -90.672769 -13.292313 -90.945354 43.908101
498  44.189811 12.721559 -90.238220 -13.285602 -90.723055 44.185132
499  44.461666 12.562442 -89.799332 -13.289512 -90.491231 44.459523
500  44.731727 12.401412 -89.356069 -13.304256 -90.250129 44.731176
501  45.000000 12.238437 -88.908395 -13.330042 -90.000000 45.000000
